+---------+------+---------------------------+
| cod_dis | año  | alquiler_ponderado_eur_m2 |
+---------+------+---------------------------+
| 2807901 | 2015 |                      12.3 |
| 2807901 | 2016 |                     12.73 |
| 2807901 | 2017 |                     13.21 |
| 2807901 | 2018 |                     13.97 |
| 2807901 | 2019 |                     15.29 |
| 2807901 | 2020 |                     15.37 |
| 2807901 | 2021 |                     15.33 |
| 2807901 | 2022 |                     16.05 |
| 2807901 | 2023 |                     16.81 |
| 2807901 | 2024 |                     17.72 |
| 2807902 | 2015 |                     11.32 |
| 2807902 | 2016 |                     11.58 |
| 2807902 | 2017 |                     11.92 |
| 2807902 | 2018 |                     12.54 |
| 2807902 | 2019 |                     13.64 |
| 2807902 | 2020 |                     13.94 |
| 2807902 | 2021 |                     14.11 |
| 2807902 | 2022 |                     14.59 |
| 2807902 | 2023 |                     15.24 |
| 2807902 | 2024 |                        16 |
| 2807903 | 2015 |                     11.24 |
| 2807903 | 2016 |                      11.6 |
| 2807903 | 2017 |                     11.97 |
| 2807903 | 2018 |                     12.66 |
| 2807903 | 2019 |                     13.88 |
| 2807903 | 2020 |                     14.18 |
| 2807903 | 2021 |                      14.3 |
| 2807903 | 2022 |                     14.83 |
| 2807903 | 2023 |                     15.48 |
| 2807903 | 2024 |                     16.28 |
| 2807904 | 2015 |                     12.43 |
| 2807904 | 2016 |                     12.88 |
| 2807904 | 2017 |                     13.33 |
| 2807904 | 2018 |                     14.14 |
| 2807904 | 2019 |                     15.52 |
| 2807904 | 2020 |                     15.78 |
| 2807904 | 2021 |                     15.84 |
| 2807904 | 2022 |                     16.53 |
| 2807904 | 2023 |                      17.4 |
| 2807904 | 2024 |                     18.48 |
| 2807905 | 2015 |                     11.93 |
| 2807905 | 2016 |                     12.22 |
| 2807905 | 2017 |                     12.64 |
| 2807905 | 2018 |                     13.26 |
| 2807905 | 2019 |                     14.48 |
| 2807905 | 2020 |                     14.85 |
| 2807905 | 2021 |                     14.94 |
| 2807905 | 2022 |                     15.54 |
| 2807905 | 2023 |                     16.23 |
| 2807905 | 2024 |                     17.17 |
| 2807906 | 2015 |                     11.24 |
| 2807906 | 2016 |                     11.44 |
| 2807906 | 2017 |                     11.79 |
| 2807906 | 2018 |                     12.46 |
| 2807906 | 2019 |                     13.58 |
| 2807906 | 2020 |                      13.9 |
| 2807906 | 2021 |                     14.02 |
| 2807906 | 2022 |                     14.55 |
| 2807906 | 2023 |                     15.26 |
| 2807906 | 2024 |                     16.14 |
| 2807907 | 2015 |                     12.86 |
| 2807907 | 2016 |                     13.22 |
| 2807907 | 2017 |                     13.76 |
| 2807907 | 2018 |                     14.45 |
| 2807907 | 2019 |                     15.83 |
| 2807907 | 2020 |                     15.99 |
| 2807907 | 2021 |                     16.13 |
| 2807907 | 2022 |                     16.88 |
| 2807907 | 2023 |                     17.67 |
| 2807907 | 2024 |                     18.63 |
| 2807908 | 2015 |                     10.19 |
| 2807908 | 2016 |                     10.36 |
| 2807908 | 2017 |                     10.67 |
| 2807908 | 2018 |                     11.16 |
| 2807908 | 2019 |                     11.99 |
| 2807908 | 2020 |                     12.33 |
| 2807908 | 2021 |                     12.49 |
| 2807908 | 2022 |                     12.85 |
| 2807908 | 2023 |                     13.33 |
| 2807908 | 2024 |                     13.89 |
| 2807909 | 2015 |                     11.34 |
| 2807909 | 2016 |                     11.54 |
| 2807909 | 2017 |                     11.95 |
| 2807909 | 2018 |                     12.49 |
| 2807909 | 2019 |                     13.54 |
| 2807909 | 2020 |                     13.71 |
| 2807909 | 2021 |                     13.92 |
| 2807909 | 2022 |                     14.45 |
| 2807909 | 2023 |                     15.09 |
| 2807909 | 2024 |                     15.81 |
| 2807910 | 2015 |                       8.3 |
| 2807910 | 2016 |                      8.44 |
| 2807910 | 2017 |                      8.67 |
| 2807910 | 2018 |                      8.99 |
| 2807910 | 2019 |                      9.75 |
| 2807910 | 2020 |                     10.05 |
| 2807910 | 2021 |                     10.33 |
| 2807910 | 2022 |                     10.76 |
| 2807910 | 2023 |                     11.23 |
| 2807910 | 2024 |                     11.79 |
| 2807911 | 2015 |                      8.34 |
| 2807911 | 2016 |                      8.48 |
| 2807911 | 2017 |                      8.68 |
| 2807911 | 2018 |                      9.07 |
| 2807911 | 2019 |                      9.88 |
| 2807911 | 2020 |                     10.14 |
| 2807911 | 2021 |                     10.45 |
| 2807911 | 2022 |                     10.88 |
| 2807911 | 2023 |                     11.34 |
| 2807911 | 2024 |                     11.92 |
| 2807912 | 2015 |                      7.95 |
| 2807912 | 2016 |                      8.05 |
| 2807912 | 2017 |                      8.24 |
| 2807912 | 2018 |                      8.64 |
| 2807912 | 2019 |                       9.3 |
| 2807912 | 2020 |                      9.55 |
| 2807912 | 2021 |                      9.89 |
| 2807912 | 2022 |                     10.25 |
| 2807912 | 2023 |                     10.71 |
| 2807912 | 2024 |                     11.28 |
| 2807913 | 2015 |                      8.18 |
| 2807913 | 2016 |                      8.34 |
| 2807913 | 2017 |                      8.53 |
| 2807913 | 2018 |                      8.89 |
| 2807913 | 2019 |                      9.65 |
| 2807913 | 2020 |                      9.92 |
| 2807913 | 2021 |                     10.22 |
| 2807913 | 2022 |                     10.65 |
| 2807913 | 2023 |                      11.1 |
| 2807913 | 2024 |                     11.69 |
| 2807914 | 2015 |                      8.35 |
| 2807914 | 2016 |                      8.51 |
| 2807914 | 2017 |                       8.7 |
| 2807914 | 2018 |                      9.14 |
| 2807914 | 2019 |                      9.89 |
| 2807914 | 2020 |                     10.16 |
| 2807914 | 2021 |                      10.4 |
| 2807914 | 2022 |                     10.82 |
| 2807914 | 2023 |                     11.28 |
| 2807914 | 2024 |                     11.83 |
| 2807915 | 2015 |                       9.7 |
| 2807915 | 2016 |                      9.88 |
| 2807915 | 2017 |                     10.11 |
| 2807915 | 2018 |                     10.58 |
| 2807915 | 2019 |                     11.39 |
| 2807915 | 2020 |                     11.71 |
| 2807915 | 2021 |                     11.87 |
| 2807915 | 2022 |                      12.3 |
| 2807915 | 2023 |                     12.82 |
| 2807915 | 2024 |                     13.44 |
| 2807916 | 2015 |                     10.21 |
| 2807916 | 2016 |                     10.36 |
| 2807916 | 2017 |                     10.67 |
| 2807916 | 2018 |                      11.1 |
| 2807916 | 2019 |                     12.03 |
| 2807916 | 2020 |                     12.28 |
| 2807916 | 2021 |                     12.42 |
| 2807916 | 2022 |                     12.82 |
| 2807916 | 2023 |                     13.33 |
| 2807916 | 2024 |                      13.9 |
| 2807917 | 2015 |                      7.35 |
| 2807917 | 2016 |                      7.43 |
| 2807917 | 2017 |                      7.58 |
| 2807917 | 2018 |                      7.86 |
| 2807917 | 2019 |                      8.45 |
| 2807917 | 2020 |                      8.71 |
| 2807917 | 2021 |                      8.98 |
| 2807917 | 2022 |                      9.41 |
| 2807917 | 2023 |                      9.85 |
| 2807917 | 2024 |                     10.38 |
| 2807918 | 2015 |                      9.07 |
| 2807918 | 2016 |                      9.21 |
| 2807918 | 2017 |                      9.41 |
| 2807918 | 2018 |                      9.76 |
| 2807918 | 2019 |                     10.63 |
| 2807918 | 2020 |                     10.88 |
| 2807918 | 2021 |                     11.09 |
| 2807918 | 2022 |                     11.37 |
| 2807918 | 2023 |                      11.8 |
| 2807918 | 2024 |                     12.28 |
| 2807919 | 2015 |                      8.02 |
| 2807919 | 2016 |                      8.08 |
| 2807919 | 2017 |                       8.4 |
| 2807919 | 2018 |                       8.6 |
| 2807919 | 2019 |                      9.24 |
| 2807919 | 2020 |                      9.52 |
| 2807919 | 2021 |                      9.72 |
| 2807919 | 2022 |                     10.07 |
| 2807919 | 2023 |                     10.43 |
| 2807919 | 2024 |                     11.06 |
| 2807920 | 2015 |                      9.29 |
| 2807920 | 2016 |                      9.41 |
| 2807920 | 2017 |                      9.64 |
| 2807920 | 2018 |                     10.12 |
| 2807920 | 2019 |                     10.95 |
| 2807920 | 2020 |                     11.22 |
| 2807920 | 2021 |                     11.42 |
| 2807920 | 2022 |                      11.8 |
| 2807920 | 2023 |                     12.26 |
| 2807920 | 2024 |                     12.82 |
| 2807921 | 2015 |                      9.74 |
| 2807921 | 2016 |                      9.92 |
| 2807921 | 2017 |                     10.12 |
| 2807921 | 2018 |                     10.53 |
| 2807921 | 2019 |                     11.36 |
| 2807921 | 2020 |                     11.53 |
| 2807921 | 2021 |                     11.73 |
| 2807921 | 2022 |                     12.04 |
| 2807921 | 2023 |                     12.52 |
| 2807921 | 2024 |                     13.14 |
+---------+------+---------------------------+