+---------+-------------+------------------------+--------------------------+------------------------+-----------------------+
| cod_dis | n_secciones | alquiler_minimo_eur_m2 | alquiler_promedio_eur_m2 | alquiler_maximo_eur_m2 | rango_alquiler_eur_m2 |
+---------+-------------+------------------------+--------------------------+------------------------+-----------------------+
| 2807904 |         126 |                   8.82 |                    16.05 |                  22.23 |                 13.41 |
| 2807905 |         101 |                  11.46 |                     15.4 |                  22.23 |                 10.78 |
| 2807920 |         113 |                    7.3 |                    11.26 |                   17.4 |                  10.1 |
| 2807916 |         119 |                   8.67 |                    12.03 |                  18.27 |                   9.6 |
| 2807911 |         180 |                    6.9 |                    10.57 |                  16.39 |                   9.5 |
| 2807908 |         180 |                   8.62 |                    12.24 |                  17.91 |                  9.29 |
| 2807915 |         170 |                   8.92 |                    12.05 |                  18.18 |                  9.27 |
| 2807903 |          94 |                  10.61 |                    14.39 |                  19.85 |                  9.25 |
| 2807906 |         118 |                  11.17 |                    14.16 |                  19.68 |                  8.51 |
| 2807907 |         122 |                  12.14 |                    16.57 |                  20.14 |                     8 |
| 2807909 |          84 |                   10.4 |                    13.94 |                  18.02 |                  7.63 |
| 2807910 |         197 |                   7.44 |                    10.51 |                     15 |                  7.56 |
| 2807914 |          88 |                   6.21 |                     10.5 |                  13.62 |                  7.41 |
| 2807918 |          65 |                   7.85 |                     10.4 |                     15 |                  7.15 |
| 2807901 |         111 |                     13 |                    15.96 |                  20.03 |                  7.03 |
| 2807913 |         172 |                   6.55 |                       10 |                  13.25 |                   6.7 |
| 2807917 |         102 |                   7.28 |                     9.23 |                  13.26 |                  5.98 |
| 2807912 |          91 |                   6.54 |                     9.56 |                  12.45 |                  5.91 |
| 2807921 |          31 |                   9.41 |                    11.74 |                  14.31 |                   4.9 |
| 2807902 |         109 |                  11.78 |                    14.22 |                  16.67 |                  4.89 |
| 2807919 |          47 |                   8.13 |                     9.99 |                  11.38 |                  3.24 |
+---------+-------------+------------------------+--------------------------+------------------------+-----------------------+